0
207
0
239
0
21
1
25
3
266
4
103
5
84
9
19
9
71
9
68
9
149
1
216
2
161
5
120
7
99
3
21
0
125
4
66
7
142
6
30
1
163
1
89
0
211
8
247
4
32
2
127
0
259
2
178
8
173
5
187
3
273
7
271
5
265
1
147
9
109
9
285
2
148
6
122
8
200
0
198
7
10
9
105
6
101
9
10
2
141
8
89
1
278
4
276
2
285
1
142
2
42
9
192
1
247
8
299
1
198
6
12
0
142
7
175
5
151
3
272
7
288
5
123
4
287
8
244
3
182
3
102
5
134
8
250
9
4
3
1
8
262
1
215
9
52
5
159
5
69
8
120
7
187
1
269
2
182
7
6
4
256
7
54
1
251
0
229
6
113
4
54
7
125
4
67
0
50
0
58
9
143
3
25
2
127
1
283
8
257
2
106
2
248
9
272
6
199
4
124
8
222
0
163
9
236
4
183
9
11
4
54
2
87
9
63
5
162
0
173
6
197
4
256
1
54
1
118
6
77
7
279
0
117
2
26
2
178
2
131
0
123
9
293
4
38
2
73
4
126
6
148
4
229
7
269
4
208
4
260
7
96
8
92
7
78
4
221
6
155
4
296
6
211
4
140
0
104
2
204
1
26
1
44
3
251
1
166
8
52
3
165
2
174
8
89
8
110
0
163
5
163
5
231
8
39
6
205
4
9
6
24
3
217
0
16
7
240
4
63
8
167
2
166
3
213
3
180
0
151
7
44
7
125
1
79
7
285
0
253
9
294
0
113
5
140
0
120
6
123
3
125
5
91
8
4
5
143
2
79
5
51
4
144
7
112
6
261
8
294
3
182
5
9
6
124
0
144
1
256
2
36
5
1
8
4
9
147
0
46
7
113
8
231
6
215
0
33
7
55
